((("Hash" .
   [1 0 0 0])
  ("new" .
   [2 0 0])
  ("num" .
   [1 0 0])
  ("length" .
   [2 0 0 1 0 0])
  ("aaa" .
   [1 0 0])
  ("file" .
   [1 0 0 0])
  ("end" .
   [1 0 0])
  ("list-packages" .
   [2 0 0 0 0 0 0 0 0 0 0 0 0])
  ("to_i" .
   [3 0 1 0])
  ("sum" .
   [1 0 0])
  ("attr_accessor:" .
   [0 0 0 0 1 1 0 0 0 0 0 0 0 0])
  ("obj" .
   [3 0 0])
  ("methodName" .
   [1 0 0 0 0 0 0 1 0 0])
  ("A.TYPE" .
   [1 0 1 0 0 0])
  ("A.ID" .
   [2 0 0 0])
  ("B.ID" .
   [1 0 0 0])
  ("B.TYPE" .
   [1 0 0 0 0 0])
  ("AND" .
   [1 0 0])
  ("email" .
   [1 0 1 0 0])))
